ID	StemEnergy5p	StemEnergy3p	LoopEnergy	DMS_distal
 LocalEnergy_H1_1000	-3.9	0	5.8	0.9393939393939393
 LocalEnergy_H1_1002	-6.6	0	5.4	0.8545454545454546
 LocalEnergy_H1_1006	-8.35	0	5.7	0.9666666666666668
 LocalEnergy_H1_1009	-6.1	0	4.9	0.9939393939393939
 LocalEnergy_H1_1011	-10.8	0	4.4	0.9636363636363636
 LocalEnergy_H1_1013	-11.8	0	8.2	1.0
 LocalEnergy_H1_1018	-7.35	0	6.0	0.9272727272727272
 LocalEnergy_H1_1019	-16.17	0	4.5	0.8954545454545454
 LocalEnergy_H1_1022	-6.4	0	5.4	0.9818181818181819
 LocalEnergy_H1_1023	-9.0	0	6.9	0.9848484848484849
 LocalEnergy_H1_1025	-16.55	0	7.7	0.9848484848484849
 LocalEnergy_H1_1028	-12.4	0	7.7	0.9696969696969696
 LocalEnergy_H1_102	-7.65	0	4.3	0.9515151515151514
 LocalEnergy_H1_1032	-8.7	0	5.1	0.996969696969697
 LocalEnergy_H1_1033	-14.3	0	7.8	0.9575757575757575
 LocalEnergy_H1_1034	-12.4	0	5.1	0.9848484848484849
 LocalEnergy_H1_1036	-16.6	0	3.9	0.9212121212121211
 LocalEnergy_H1_1037	-5.95	0	4.6	0.9787878787878788
 LocalEnergy_H1_1039	-6.9	0	4.9	0.9666666666666667
 LocalEnergy_H1_1040	-10.75	0	5.4	0.9272727272727272
 LocalEnergy_H1_1042	-10.85	0	5.4	0.9848484848484849
 LocalEnergy_H1_1045	-13.25	0	6.9	0.9742424242424242
 LocalEnergy_H1_1046	-10.55	0	5.4	0.9727272727272728
 LocalEnergy_H1_1047	-6.85	0	5.4	0.990909090909091
 LocalEnergy_H1_104	-12.5	0	5.4	0.9787878787878789
 LocalEnergy_H1_1055	-14.6	0	4.0	0.959090909090909
 LocalEnergy_H1_1057	-14.05	0	5.3	0.990909090909091
 LocalEnergy_H1_1060	-17.1	0	4.7	0.9030303030303031
 LocalEnergy_H1_1064	-4.6	0	5.4	0.8848484848484849
 LocalEnergy_H1_1067	-13.85	0	5.3	0.9606060606060607
 LocalEnergy_H1_106	-10.25	0	7.7	0.9727272727272728
 LocalEnergy_H1_1072	-14.6	0	4.2	0.9848484848484849
 LocalEnergy_H1_1073	-11.1	0	5.3	0.996969696969697
 LocalEnergy_H1_1075	-14.27	0	4.6	0.9696969696969696
 LocalEnergy_H1_1076	-12.2	0	4.4	0.9696969696969697
 LocalEnergy_H1_1079	-13.1	0	4.9	0.9878787878787879
 LocalEnergy_H1_1084	-5.4	0	4.8	0.9090909090909091
 LocalEnergy_H1_1085	-12.2	0	4.8	0.990909090909091
 LocalEnergy_H1_1086	-6.2	0	5.4	1.0
 LocalEnergy_H1_1087	-8.35	0	4.5	0.996969696969697
 LocalEnergy_H1_1088	-19.4	0	5.0	0.9666666666666667
 LocalEnergy_H1_1089	-14.65	0	4.6	0.9666666666666667
 LocalEnergy_H1_1090	-3.5	0	5.7	0.9515151515151516
 LocalEnergy_H1_1092	-8.07	0	5.5	0.9575757575757575
 LocalEnergy_H1_1094	-3.55	0	4.4	0.9818181818181817
 LocalEnergy_H1_1099	-2.4	0	5.4	0.9939393939393939
 LocalEnergy_H1_1100	-3.65	0	4.7	0.8878787878787879
 LocalEnergy_H1_1105	-16.5	0	4.0	0.9545454545454546
 LocalEnergy_H1_1108	-5.5	0	5.0	0.990909090909091
 LocalEnergy_H1_1109	-5.6	0	6.9	0.812121212121212
 LocalEnergy_H1_110	-8.05	0	4.5	0.9424242424242424
 LocalEnergy_H1_1110	-5.95	0	5.5	0.9409090909090909
 LocalEnergy_H1_1112	-7.8	0	5.1	0.9484848484848485
 LocalEnergy_H1_1115	-5.07	0	5.4	0.9757575757575758
 LocalEnergy_H1_1118	-8.25	0	5.3	0.9727272727272728
 LocalEnergy_H1_111	-8.35	0	4.6	0.9878787878787879
 LocalEnergy_H1_1120	-3.85	0	5.4	0.9393939393939394
 LocalEnergy_H1_1131	-14.2	0	4.9	0.9454545454545454
 LocalEnergy_H1_1134	-9.1	0	5.3	0.9939393939393939
 LocalEnergy_H1_1135	-6.5	0	6.9	0.9242424242424242
 LocalEnergy_H1_1139	-5.65	0	5.7	0.9757575757575758
 LocalEnergy_H1_113	-8.8	0	5.4	0.9469696969696969
 LocalEnergy_H1_1141	-7.05	0	5.4	0.9787878787878788
 LocalEnergy_H1_1143	-10.65	0	5.0	0.9575757575757576
 LocalEnergy_H1_1145	-9.25	0	5.8	0.9545454545454546
 LocalEnergy_H1_1147	-14.45	0	5.0	0.9803030303030303
 LocalEnergy_H1_1148	-6.35	0	4.3	0.9575757575757575
 LocalEnergy_H1_1149	-5.7	0	4.9	0.9696969696969696
 LocalEnergy_H1_1151	-14.8	0	4.0	0.9878787878787879
 LocalEnergy_H1_1152	-2.5	0	4.8	0.8666666666666667
 LocalEnergy_H1_1154	-4.8	0	6.9	0.9242424242424242
 LocalEnergy_H1_1155	-7.2	0	7.3	0.9196969696969697
 LocalEnergy_H1_1156	-13.6	0	4.6	0.9575757575757575
 LocalEnergy_H1_1158	-7.55	0	5.0	0.9666666666666667
 LocalEnergy_H1_1159	-4.9	0	4.8	0.9272727272727272
 LocalEnergy_H1_115	-8.9	0	4.8	0.9636363636363636
 LocalEnergy_H1_1162	-7.5	0	6.9	0.9515151515151514
 LocalEnergy_H1_1163	-12.4	0	4.0	0.990909090909091
 LocalEnergy_H1_116	-5.7	0	5.4	0.9606060606060606
 LocalEnergy_H1_1172	-9.25	0	4.9	0.9545454545454545
 LocalEnergy_H1_1173	-10.0	0	4.3	0.996969696969697
 LocalEnergy_H1_1176	-6.4	0	5.3	0.9818181818181819
 LocalEnergy_H1_1177	-12.2	0	4.9	0.996969696969697
 LocalEnergy_H1_1178	-4.9	0	4.7	0.9939393939393939
 LocalEnergy_H1_1179	-14.8	0	3.9	0.9757575757575757
 LocalEnergy_H1_117	-14.8	0	5.0	0.9727272727272727
 LocalEnergy_H1_1182	-7.9	0	5.1	0.9848484848484849
 LocalEnergy_H1_1183	-9.4	0	5.1	0.9515151515151514
 LocalEnergy_H1_1185	-5.8	0	5.4	0.9606060606060606
 LocalEnergy_H1_1187	-5.25	0	4.4	0.9272727272727272
 LocalEnergy_H1_1189	-7.95	0	5.4	0.9787878787878789
 LocalEnergy_H1_118	-11.95	0	5.5	0.9696969696969696
 LocalEnergy_H1_1190	-21.5	0	4.7	0.9787878787878788
 LocalEnergy_H1_1191	-2.2	0	5.3	0.9454545454545455
 LocalEnergy_H1_1193	-22.6	0	6.9	0.990909090909091
 LocalEnergy_H1_1194	-16.55	0	7.3	0.9803030303030302
 LocalEnergy_H1_1195	-4.7	0	5.8	0.9090909090909091
 LocalEnergy_H1_1197	-6.25	0	5.4	0.9424242424242424
 LocalEnergy_H1_1198	-13.3	0	5.0	0.9787878787878788
 LocalEnergy_H1_1199	-12.0	0	4.9	0.9787878787878788
 LocalEnergy_H1_119	-11.6	0	4.7	0.990909090909091
 LocalEnergy_H1_1202	-6.85	0	5.3	0.9272727272727272
 LocalEnergy_H1_1203	-15.85	0	4.5	0.9818181818181818
 LocalEnergy_H1_1204	-10.05	0	8.1	0.9939393939393939
 LocalEnergy_H1_1205	-5.6	0	4.9	0.9848484848484849
 LocalEnergy_H1_1206	-15.7	0	4.3	0.990909090909091
 LocalEnergy_H1_1208	-9.8	0	5.0	0.9818181818181819
 LocalEnergy_H1_1209	-10.65	0	4.9	0.996969696969697
 LocalEnergy_H1_120	-7.0	0	4.9	0.9575757575757575
 LocalEnergy_H1_1210	-7.9	0	7.8	0.9848484848484849
 LocalEnergy_H1_1213	-8.35	0	4.6	0.9727272727272728
 LocalEnergy_H1_1215	-6.6	0	5.0	0.9696969696969697
 LocalEnergy_H1_1216	-10.35	0	6.9	0.9727272727272728
 LocalEnergy_H1_1218	-5.5	0	6.9	0.8424242424242425
 LocalEnergy_H1_1219	-13.4	0	5.0	0.9545454545454545
 LocalEnergy_H1_121	-9.8	0	7.7	0.9848484848484849
 LocalEnergy_H1_1228	-4.7	0	5.5	0.9878787878787879
 LocalEnergy_H1_1229	-19.3	0	5.4	0.9242424242424242
 LocalEnergy_H1_1231	-2.4	0	4.7	0.9939393939393939
 LocalEnergy_H1_1233	-9.45	0	8.1	0.9484848484848485
 LocalEnergy_H1_1235	-13.95	0	4.8	0.9939393939393939
 LocalEnergy_H1_1239	-3.95	0	5.4	0.9181818181818182
 LocalEnergy_H1_1241	-8.15	0	5.4	0.9787878787878788
 LocalEnergy_H1_1242	-10.95	0	4.7	0.9484848484848484
 LocalEnergy_H1_1243	-15.5	0	4.5	0.9727272727272727
 LocalEnergy_H1_1244	-12.1	0	4.7	0.9787878787878788
 LocalEnergy_H1_1245	-15.55	0	4.7	0.9636363636363636
 LocalEnergy_H1_1249	-3.85	0	8.1	0.9727272727272727
 LocalEnergy_H1_124	-10.45	0	4.5	0.9515151515151514
 LocalEnergy_H1_1252	-15.15	0	5.0	0.9757575757575757
 LocalEnergy_H1_1253	-6.9	0	4.7	0.9878787878787879
 LocalEnergy_H1_1255	-14.1	0	4.0	0.9666666666666667
 LocalEnergy_H1_1256	-8.25	0	4.6	0.996969696969697
 LocalEnergy_H1_1261	-16.5	0	6.8	0.9818181818181819
 LocalEnergy_H1_1265	-6.7	0	5.6	0.9424242424242424
 LocalEnergy_H1_1267	-8.65	0	5.0	0.9848484848484849
 LocalEnergy_H1_126	-12.6	0	8.1	0.990909090909091
 LocalEnergy_H1_1270	-5.47	0	5.1	0.9727272727272728
 LocalEnergy_H1_1274	-9.3	0	5.4	0.9727272727272727
 LocalEnergy_H1_1276	-10.3	0	5.4	1.0
 LocalEnergy_H1_1278	-7.65	0	4.5	0.9787878787878788
 LocalEnergy_H1_1281	-14.2	0	4.6	0.9818181818181817
 LocalEnergy_H1_1282	-9.45	0	5.4	0.9787878787878789
 LocalEnergy_H1_1286	-3.4	0	5.1	0.9545454545454546
 LocalEnergy_H1_1288	-6.9	0	5.9	0.9757575757575757
 LocalEnergy_H1_128	-5.8	0	5.9	0.9939393939393939
 LocalEnergy_H1_1290	-11.2	0	5.4	0.996969696969697
 LocalEnergy_H1_1291	-12.6	0	4.6	0.9878787878787879
 LocalEnergy_H1_1292	-22.4	0	4.5	0.9666666666666667
 LocalEnergy_H1_1294	-12.7	0	4.5	0.9727272727272728
 LocalEnergy_H1_1301	-5.45	0	5.3	0.9878787878787879
 LocalEnergy_H1_1303	-16.8	0	4.7	0.9939393939393939
 LocalEnergy_H1_1304	-10.75	0	6.9	0.9939393939393939
 LocalEnergy_H1_1307	-8.9	0	6.9	0.996969696969697
 LocalEnergy_H1_1308	-10.45	0	5.4	0.9787878787878788
 LocalEnergy_H1_1309	-4.05	0	5.9	0.9666666666666666
 LocalEnergy_H1_130	-10.0	0	4.4	0.9848484848484849
 LocalEnergy_H1_1311	-8.95	0	5.1	0.9606060606060606
 LocalEnergy_H1_1313	-15.7	0	4.4	0.9848484848484849
 LocalEnergy_H1_1314	-8.35	0	4.5	0.9939393939393939
 LocalEnergy_H1_1315	-3.85	0	8.1	0.9939393939393939
 LocalEnergy_H1_1316	-11.0	0	5.5	0.9696969696969697
 LocalEnergy_H1_1321	-9.9	0	4.8	0.9727272727272727
 LocalEnergy_H1_1323	-9.0	0	4.9	0.9757575757575757
 LocalEnergy_H1_1324	-15.7	0	4.1	0.9606060606060607
 LocalEnergy_H1_1329	-10.2	0	5.7	0.9515151515151514
 LocalEnergy_H1_1337	-1.77	0	6.9	0.953030303030303
 LocalEnergy_H1_133	-24.9	0	4.1	0.9454545454545454
 LocalEnergy_H1_1341	-5.6	0	5.0	0.9606060606060606
 LocalEnergy_H1_1344	-2.2	0	7.7	0.9939393939393939
 LocalEnergy_H1_1345	-4.7	0	7.8	0.9636363636363636
 LocalEnergy_H1_1346	-12.7	0	4.9	0.9666666666666668
 LocalEnergy_H1_1348	-6.0	0	4.7	0.943939393939394
 LocalEnergy_H1_1349	-2.4	0	5.4	0.996969696969697
 LocalEnergy_H1_134	-12.4	0	4.6	0.9727272727272728
 LocalEnergy_H1_1350	-4.65	0	4.9	0.9454545454545454
 LocalEnergy_H1_1352	-10.85	0	4.9	0.9848484848484849
 LocalEnergy_H1_1354	-7.65	0	5.4	0.9742424242424242
 LocalEnergy_H1_1355	-7.65	0	4.9	0.9606060606060606
 LocalEnergy_H1_1356	-12.15	0	5.4	0.9848484848484849
 LocalEnergy_H1_135	-4.7	0	5.4	0.8818181818181818
 LocalEnergy_H1_1360	-15.15	0	4.7	0.9878787878787879
 LocalEnergy_H1_1361	-12.1	0	5.4	0.9545454545454546
 LocalEnergy_H1_1362	-8.55	0	5.7	0.9818181818181818
 LocalEnergy_H1_1363	-13.3	0	5.0	0.968181818181818
 LocalEnergy_H1_1364	-15.3	0	4.1	0.9484848484848485
 LocalEnergy_H1_1365	-8.35	0	5.6	0.9818181818181818
 LocalEnergy_H1_1369	-3.95	0	4.6	0.9818181818181819
 LocalEnergy_H1_136	-3.95	0	5.4	0.9909090909090909
 LocalEnergy_H1_1370	-12.95	0	4.3	0.9878787878787879
 LocalEnergy_H1_1371	-11.75	0	4.9	0.9939393939393939
 LocalEnergy_H1_1373	-12.5	0	4.9	0.9696969696969697
 LocalEnergy_H1_1376	-9.2	0	5.1	0.9742424242424242
 LocalEnergy_H1_1378	-5.85	0	5.3	0.9878787878787879
 LocalEnergy_H1_1380	-10.0	0	4.6	0.9272727272727272
 LocalEnergy_H1_1383	-11.1	0	5.0	0.9787878787878788
 LocalEnergy_H1_1385	-2.4	0	6.0	0.9666666666666667
 LocalEnergy_H1_1387	-6.6	0	4.7	0.9393939393939394
 LocalEnergy_H1_1392	-4.7	0	5.0	0.9878787878787879
 LocalEnergy_H1_1395	-12.4	0	4.7	0.9727272727272727
 LocalEnergy_H1_1396	-9.0	0	5.3	0.9757575757575757
 LocalEnergy_H1_1397	-2.4	0	4.9	0.9333333333333333
 LocalEnergy_H1_1398	-9.1	0	5.7	0.9636363636363636
 LocalEnergy_H1_1400	-10.9	0	5.4	0.9757575757575758
 LocalEnergy_H1_1404	-17.4	0	4.1	0.9393939393939393
 LocalEnergy_H1_1407	-12.5	0	6.9	0.9757575757575757
 LocalEnergy_H1_140	-8.55	0	5.4	0.9787878787878788
 LocalEnergy_H1_1411	-6.25	0	6.0	0.893939393939394
 LocalEnergy_H1_1413	-19.55	0	4.5	0.9757575757575758
 LocalEnergy_H1_1416	-7.45	0	6.9	0.8772727272727273
 LocalEnergy_H1_1417	-7.0	0	6.9	0.890909090909091
 LocalEnergy_H1_1419	-13.2	0	5.3	0.9515151515151515
 LocalEnergy_H1_1422	-18.2	0	4.1	0.9454545454545454
 LocalEnergy_H1_1425	-2.4	0	5.6	0.9878787878787879
 LocalEnergy_H1_1427	-7.55	0	5.4	0.9893939393939395
 LocalEnergy_H1_142	-3.85	0	5.0	0.8757575757575758
 LocalEnergy_H1_1430	-5.8	0	5.0	0.8818181818181818
 LocalEnergy_H1_1434	-9.1	0	5.4	0.9787878787878788
 LocalEnergy_H1_1439	-7.0	0	5.4	0.9939393939393939
 LocalEnergy_H1_1441	-4.2	0	5.4	0.9939393939393939
 LocalEnergy_H1_1444	-1.57	0	5.8	0.9878787878787879
 LocalEnergy_H1_1446	-13.7	0	4.6	0.990909090909091
 LocalEnergy_H1_1449	-14.65	0	3.9	0.9575757575757576
 LocalEnergy_H1_144	-12.3	0	5.3	0.9848484848484849
 LocalEnergy_H1_1450	-8.5	0	4.8	0.9909090909090909
 LocalEnergy_H1_1451	-3.5	0	5.3	1.0
 LocalEnergy_H1_1454	-11.75	0	3.9	0.996969696969697
 LocalEnergy_H1_1458	-12.35	0	5.4	0.9636363636363636
 LocalEnergy_H1_1464	-9.5	0	4.8	0.9666666666666667
 LocalEnergy_H1_1466	-17.9	0	4.3	0.9939393939393939
 LocalEnergy_H1_146	-7.65	0	5.6	0.9727272727272727
 LocalEnergy_H1_1472	-10.75	0	4.9	0.9787878787878788
 LocalEnergy_H1_1475	-11.05	0	4.3	0.990909090909091
 LocalEnergy_H1_1477	-6.95	0	6.9	0.9848484848484849
 LocalEnergy_H1_147	-12.0	0	5.2	0.996969696969697
 LocalEnergy_H1_1483	-1.57	0	5.0	0.996969696969697
 LocalEnergy_H1_1484	-11.0	0	5.0	0.9939393939393939
 LocalEnergy_H1_1485	-2.9	0	5.4	0.906060606060606
 LocalEnergy_H1_1486	-11.75	0	5.0	0.9606060606060606
 LocalEnergy_H1_1487	-9.9	0	5.3	0.990909090909091
 LocalEnergy_H1_1489	-9.75	0	8.2	0.9939393939393939
 LocalEnergy_H1_1490	-9.1	0	4.1	0.9484848484848485
 LocalEnergy_H1_1493	-10.55	0	4.9	0.9666666666666667
 LocalEnergy_H1_1495	-14.2	0	5.0	0.9878787878787879
 LocalEnergy_H1_1496	-10.0	0	4.8	0.9515151515151514
 LocalEnergy_H1_1497	-7.8	0	5.9	0.9666666666666668
 LocalEnergy_H1_149	-17.5	0	4.5	0.9060606060606061
 LocalEnergy_H1_14	-6.95	0	4.8	0.9484848484848485
 LocalEnergy_H1_1503	-8.5	0	5.0	0.9939393939393939
 LocalEnergy_H1_1504	-15.4	0	8.1	0.9939393939393939
 LocalEnergy_H1_1509	-11.2	0	4.9	0.9742424242424242
 LocalEnergy_H1_1510	-11.65	0	5.4	0.9848484848484849
 LocalEnergy_H1_1513	-16.85	0	6.9	0.9787878787878788
 LocalEnergy_H1_1515	-13.25	0	4.8	0.9136363636363636
 LocalEnergy_H1_1517	-6.45	0	8.2	0.9818181818181818
 LocalEnergy_H1_151	-10.55	0	5.8	0.9848484848484849
 LocalEnergy_H1_1520	-9.2	0	5.0	0.9363636363636364
 LocalEnergy_H1_1522	-6.75	0	4.7	0.990909090909091
 LocalEnergy_H1_1523	-7.55	0	5.0	0.9606060606060606
 LocalEnergy_H1_1525	-2.4	0	4.9	0.9878787878787879
 LocalEnergy_H1_1527	-7.4	0	4.8	0.9696969696969697
 LocalEnergy_H1_1529	-2.4	0	5.8	0.9878787878787879
 LocalEnergy_H1_1532	-12.35	0	7.7	0.990909090909091
 LocalEnergy_H1_1534	-6.15	0	5.4	0.9515151515151515
 LocalEnergy_H1_1536	-15.7	0	4.4	0.9696969696969696
 LocalEnergy_H1_1537	-6.7	0	5.7	0.996969696969697
 LocalEnergy_H1_1539	-7.6	0	4.9	0.990909090909091
 LocalEnergy_H1_1540	-9.0	0	8.1	0.9272727272727274
 LocalEnergy_H1_1541	-3.55	0	4.2	0.9696969696969696
 LocalEnergy_H1_1542	-15.3	0	5.4	0.9848484848484849
 LocalEnergy_H1_1543	-7.05	0	6.2	0.9969696969696971
 LocalEnergy_H1_1546	-6.5	0	5.3	0.9803030303030303
 LocalEnergy_H1_1549	-4.45	0	4.8	0.9
 LocalEnergy_H1_1550	-11.1	0	4.5	0.9848484848484849
 LocalEnergy_H1_1552	-8.15	0	5.8	0.9818181818181818
 LocalEnergy_H1_1555	-4.95	0	4.6	0.9212121212121211
 LocalEnergy_H1_1560	-6.7	0	6.9	1.0
 LocalEnergy_H1_1562	-4.5	0	5.4	0.9575757575757576
 LocalEnergy_H1_1563	-16.45	0	4.9	0.9545454545454545
 LocalEnergy_H1_1564	-2.4	0	5.4	0.9848484848484849
 LocalEnergy_H1_1566	-4.5	0	5.8	0.8878787878787878
 LocalEnergy_H1_1567	-5.95	0	5.8	0.9636363636363636
 LocalEnergy_H1_1568	-9.57	0	5.3	0.9878787878787879
 LocalEnergy_H1_1569	-19.15	0	4.6	0.896969696969697
 LocalEnergy_H1_1571	-4.6	0	4.9	0.7954545454545454
 LocalEnergy_H1_1572	-14.05	0	5.0	0.9727272727272727
 LocalEnergy_H1_1577	-4.35	0	5.9	0.990909090909091
 LocalEnergy_H1_1578	-7.35	0	5.3	0.9242424242424242
 LocalEnergy_H1_1579	-17.7	0	7.7	0.9696969696969696
 LocalEnergy_H1_157	-5.45	0	5.4	0.9878787878787879
 LocalEnergy_H1_1589	-10.9	0	4.6	0.9848484848484849
 LocalEnergy_H1_1592	-2.37	0	5.7	0.9878787878787879
 LocalEnergy_H1_1594	-20.75	0	4.3	0.953030303030303
 LocalEnergy_H1_1596	-13.3	0	7.7	0.9333333333333332
 LocalEnergy_H1_1597	-8.4	0	5.5	0.9015151515151515
 LocalEnergy_H1_1598	-5.0	0	7.7	0.8242424242424243
 LocalEnergy_H1_159	-7.3	0	7.8	0.9454545454545454
 LocalEnergy_H1_1600	-10.0	0	4.6	0.9818181818181818
 LocalEnergy_H1_1605	-3.95	0	4.3	0.9606060606060607
 LocalEnergy_H1_160	-20.1	0	6.9	0.990909090909091
 LocalEnergy_H1_1610	-7.0	0	4.9	0.9939393939393939
 LocalEnergy_H1_1612	-10.85	0	7.7	0.9818181818181818
 LocalEnergy_H1_1618	-5.6	0	5.4	0.9636363636363636
 LocalEnergy_H1_161	-7.5	0	4.5	0.9757575757575758
 LocalEnergy_H1_1621	-2.1	0	5.7	0.8181818181818181
 LocalEnergy_H1_1624	-5.47	0	5.3	0.8893939393939394
 LocalEnergy_H1_1629	-12.45	0	4.6	0.9818181818181819
 LocalEnergy_H1_162	-12.4	0	5.0	0.8969696969696969
 LocalEnergy_H1_1630	-6.95	0	4.7	0.9878787878787879
 LocalEnergy_H1_1634	-16.45	0	4.8	0.9878787878787879
 LocalEnergy_H1_1635	-5.45	0	4.8	0.9318181818181819
 LocalEnergy_H1_1636	-5.8	0	5.1	0.896969696969697
 LocalEnergy_H1_1637	-3.5	0	6.9	0.9242424242424243
 LocalEnergy_H1_1639	-7.3	0	4.6	0.9818181818181818
 LocalEnergy_H1_1640	-5.05	0	4.1	0.996969696969697
 LocalEnergy_H1_1641	-4.7	0	5.6	0.9878787878787879
 LocalEnergy_H1_1642	-7.45	0	5.9	0.9757575757575757
 LocalEnergy_H1_1643	-12.55	0	5.0	0.990909090909091
 LocalEnergy_H1_1644	-8.1	0	7.3	0.9818181818181819
 LocalEnergy_H1_1646	-11.45	0	4.9	0.95
 LocalEnergy_H1_1649	-9.95	0	4.8	0.9393939393939394
 LocalEnergy_H1_1651	-9.45	0	5.0	0.9848484848484849
 LocalEnergy_H1_1652	-12.9	0	4.9	0.9727272727272728
 LocalEnergy_H1_1655	-10.9	0	5.4	0.9818181818181819
 LocalEnergy_H1_1657	-5.8	0	4.4	0.9272727272727272
 LocalEnergy_H1_1659	-4.5	0	4.8	0.9787878787878788
 LocalEnergy_H1_165	-7.8	0	4.9	0.9878787878787879
 LocalEnergy_H1_1666	-4.7	0	4.8	0.8242424242424242
 LocalEnergy_H1_166	-12.15	0	3.9	0.9939393939393939
 LocalEnergy_H1_1672	-4.8	0	5.0	0.9515151515151514
 LocalEnergy_H1_1673	-16.8	0	6.9	0.9787878787878788
 LocalEnergy_H1_1675	-1.77	0	4.9	0.9818181818181819
 LocalEnergy_H1_1677	-5.5	0	5.3	0.9303030303030303
 LocalEnergy_H1_1679	-18.0	0	7.7	0.953030303030303
 LocalEnergy_H1_167	-14.5	0	7.7	0.9818181818181819
 LocalEnergy_H1_1680	-7.7	0	5.5	0.9393939393939394
 LocalEnergy_H1_1681	-20.2	0	5.4	0.9454545454545455
 LocalEnergy_H1_1685	-4.55	0	4.9	0.9696969696969697
 LocalEnergy_H1_1687	-13.3	0	5.7	0.9848484848484849
 LocalEnergy_H1_1692	-10.25	0	5.4	0.9939393939393939
 LocalEnergy_H1_1693	-10.9	0	4.7	0.9787878787878789
 LocalEnergy_H1_1695	-4.3	0	5.0	0.793939393939394
 LocalEnergy_H1_1698	-2.9	0	4.6	0.9757575757575757
 LocalEnergy_H1_1700	-11.2	0	7.7	0.9878787878787879
 LocalEnergy_H1_1701	-7.45	0	4.9	0.9818181818181819
 LocalEnergy_H1_1703	-2.17	0	6.0	0.9787878787878788
 LocalEnergy_H1_1706	-10.95	0	5.0	0.9606060606060607
 LocalEnergy_H1_1711	-16.35	0	5.0	0.9636363636363636
 LocalEnergy_H1_1712	-12.5	0	4.4	0.990909090909091
 LocalEnergy_H1_1713	-8.1	0	5.0	0.9545454545454546
 LocalEnergy_H1_1714	-4.3	0	5.7	0.8727272727272727
 LocalEnergy_H1_1715	-4.3	0	5.0	0.8393939393939394
 LocalEnergy_H1_1721	-12.3	0	4.5	0.9787878787878788
 LocalEnergy_H1_1724	-6.7	0	7.8	0.9666666666666666
 LocalEnergy_H1_1729	-10.8	0	8.1	0.9696969696969697
 LocalEnergy_H1_172	-20.75	0	4.3	0.9636363636363635
 LocalEnergy_H1_1730	-14.15	0	4.6	0.9818181818181818
 LocalEnergy_H1_1733	-4.3	0	5.4	0.990909090909091
 LocalEnergy_H1_1734	-12.4	0	4.5	0.990909090909091
 LocalEnergy_H1_1738	-10.4	0	5.4	0.9575757575757575
 LocalEnergy_H1_173	-7.25	0	7.7	0.9909090909090909
 LocalEnergy_H1_1741	-16.3	0	6.9	0.9636363636363636
 LocalEnergy_H1_1742	-11.0	0	6.9	0.9878787878787879
 LocalEnergy_H1_1743	-6.15	0	5.9	0.9575757575757575
 LocalEnergy_H1_1744	-5.6	0	5.6	0.993939393939394
 LocalEnergy_H1_1745	-14.95	0	4.9	0.9727272727272727
 LocalEnergy_H1_174	-10.9	0	4.5	0.990909090909091
 LocalEnergy_H1_1752	-7.15	0	5.0	0.9666666666666667
 LocalEnergy_H1_1761	-11.35	0	4.0	0.9848484848484849
 LocalEnergy_H1_1762	-9.1	0	4.3	0.9575757575757576
 LocalEnergy_H1_1766	-4.7	0	4.5	0.9727272727272727
 LocalEnergy_H1_1767	-17.3	0	4.8	0.9848484848484849
 LocalEnergy_H1_1768	-20.0	0	4.5	0.9500000000000001
 LocalEnergy_H1_1769	-7.65	0	4.5	0.990909090909091
 LocalEnergy_H1_176	-5.8	0	5.4	0.8242424242424242
 LocalEnergy_H1_1772	-9.0	0	5.5	0.9848484848484849
 LocalEnergy_H1_1777	-10.3	0	8.1	0.9787878787878788
 LocalEnergy_H1_1778	-9.25	0	6.9	0.9696969696969697
 LocalEnergy_H1_177	-10.65	0	7.7	0.9818181818181819
 LocalEnergy_H1_1781	-10.35	0	6.9	0.990909090909091
 LocalEnergy_H1_1784	-14.6	0	4.7	0.9454545454545454
 LocalEnergy_H1_1785	-11.15	0	7.3	0.9636363636363636
 LocalEnergy_H1_1790	-9.15	0	5.4	0.9848484848484849
 LocalEnergy_H1_1792	-3.9	0	4.8	0.9787878787878788
 LocalEnergy_H1_179	-2.17	0	4.5	0.9666666666666668
 LocalEnergy_H1_17	-8.35	0	4.1	0.9787878787878788
 LocalEnergy_H1_1800	-15.75	0	5.4	0.9666666666666667
 LocalEnergy_H1_1801	-6.25	0	7.7	1.0
 LocalEnergy_H1_1804	-4.4	0	4.8	0.996969696969697
 LocalEnergy_H1_1807	-9.8	0	6.9	0.9333333333333333
 LocalEnergy_H1_1811	-7.75	0	5.0	0.9787878787878789
 LocalEnergy_H1_1814	-19.6	0	5.4	0.9484848484848485
 LocalEnergy_H1_1818	-6.6	0	5.0	0.9424242424242424
 LocalEnergy_H1_1819	-17.8	0	5.4	0.9484848484848485
 LocalEnergy_H1_1821	-9.55	0	4.0	0.9151515151515152
 LocalEnergy_H1_1823	-7.9	0	5.0	0.9878787878787879
 LocalEnergy_H1_1824	-12.4	0	7.7	0.9651515151515151
 LocalEnergy_H1_1825	-14.05	0	4.6	0.9393939393939393
 LocalEnergy_H1_1827	-11.9	0	5.4	0.9757575757575758
 LocalEnergy_H1_1828	-10.55	0	8.2	0.9787878787878789
 LocalEnergy_H1_1829	-12.7	0	4.5	0.9575757575757576
 LocalEnergy_H1_1830	-14.8	0	4.7	0.9575757575757575
 LocalEnergy_H1_1832	-7.75	0	4.6	0.9696969696969696
 LocalEnergy_H1_1835	-4.7	0	5.4	0.9878787878787879
 LocalEnergy_H1_1836	-7.9	0	5.4	0.9878787878787879
 LocalEnergy_H1_1838	-7.2	0	8.2	0.9848484848484849
 LocalEnergy_H1_1839	-6.9	0	4.9	0.8636363636363635
 LocalEnergy_H1_1841	-8.85	0	6.9	0.9939393939393939
 LocalEnergy_H1_1842	-13.3	0	4.1	0.9772727272727273
 LocalEnergy_H1_1843	-6.95	0	8.2	0.9818181818181818
 LocalEnergy_H1_1846	-9.55	0	3.9	0.9727272727272728
 LocalEnergy_H1_1847	-6.25	0	7.3	0.9272727272727274
 LocalEnergy_H1_1849	-12.8	0	5.0	0.996969696969697
 LocalEnergy_H1_184	-9.1	0	4.5	0.9757575757575757
 LocalEnergy_H1_1850	-7.1	0	5.4	0.9818181818181818
 LocalEnergy_H1_1851	-15.5	0	6.9	0.996969696969697
 LocalEnergy_H1_1853	-11.95	0	5.4	0.990909090909091
 LocalEnergy_H1_1854	-9.6	0	5.0	0.9606060606060606
 LocalEnergy_H1_1855	-10.15	0	4.0	0.996969696969697
 LocalEnergy_H1_1858	-10.9	0	4.9	0.9727272727272727
 LocalEnergy_H1_185	-2.8	0	7.7	0.9787878787878788
 LocalEnergy_H1_1864	-9.0	0	4.6	0.9818181818181818
 LocalEnergy_H1_1866	-12.4	0	7.3	0.9757575757575757
 LocalEnergy_H1_1868	-4.5	0	5.2	0.896969696969697
 LocalEnergy_H1_1869	-6.35	0	4.5	0.9818181818181818
 LocalEnergy_H1_1870	-5.6	0	4.7	0.9121212121212121
 LocalEnergy_H1_1876	-4.5	0	5.0	0.9303030303030303
 LocalEnergy_H1_1880	-9.35	0	5.9	0.996969696969697
 LocalEnergy_H1_1881	-4.2	0	5.4	0.9818181818181818
 LocalEnergy_H1_1882	-12.15	0	4.2	0.9757575757575758
 LocalEnergy_H1_1883	-7.15	0	5.5	0.7909090909090909
 LocalEnergy_H1_1886	-8.1	0	5.4	0.9696969696969696
 LocalEnergy_H1_1887	-7.6	0	5.2	0.9848484848484849
 LocalEnergy_H1_188	-8.1	0	5.8	0.9636363636363636
 LocalEnergy_H1_1892	-11.75	0	4.7	0.9545454545454546
 LocalEnergy_H1_1894	-3.65	0	7.7	0.9333333333333332
 LocalEnergy_H1_1895	-13.2	0	8.1	0.9742424242424242
 LocalEnergy_H1_1896	-11.9	0	5.4	0.9939393939393939
 LocalEnergy_H1_1899	-7.65	0	5.7	0.9515151515151515
 LocalEnergy_H1_1900	-3.85	0	4.8	0.9848484848484849
 LocalEnergy_H1_1906	-21.95	0	4.1	0.8878787878787878
 LocalEnergy_H1_1907	-7.6	0	7.3	0.9590909090909091
 LocalEnergy_H1_1914	-6.25	0	7.3	0.8878787878787878
 LocalEnergy_H1_1915	-9.25	0	5.0	0.9696969696969697
 LocalEnergy_H1_1917	-17.15	0	8.1	0.9484848484848485
 LocalEnergy_H1_1919	-5.25	0	5.7	0.996969696969697
 LocalEnergy_H1_1920	-8.35	0	4.0	0.9848484848484849
 LocalEnergy_H1_1923	-8.35	0	5.5	0.9787878787878788
 LocalEnergy_H1_1926	-6.75	0	4.7	0.9848484848484849
 LocalEnergy_H1_1927	-11.2	0	5.9	0.9878787878787879
 LocalEnergy_H1_1930	-17.9	0	6.9	0.9939393939393939
 LocalEnergy_H1_1931	-12.9	0	6.9	0.9818181818181819
 LocalEnergy_H1_1932	-3.7	0	5.0	0.9757575757575757
 LocalEnergy_H1_1933	-10.85	0	3.9	0.9878787878787879
 LocalEnergy_H1_1934	-12.85	0	6.9	0.9636363636363636
 LocalEnergy_H1_193	-14.25	0	5.4	0.9787878787878788
 LocalEnergy_H1_1940	-9.2	0	5.0	0.9939393939393939
 LocalEnergy_H1_1941	-13.15	0	4.9	0.9727272727272728
 LocalEnergy_H1_1942	-21.6	0	5.4	0.8727272727272728
 LocalEnergy_H1_1944	-11.2	0	6.9	0.990909090909091
 LocalEnergy_H1_1945	-16.85	0	3.9	0.996969696969697
 LocalEnergy_H1_1946	-8.4	0	5.4	0.9757575757575758
 LocalEnergy_H1_1948	-6.3	0	5.0	0.9818181818181818
 LocalEnergy_H1_194	-4.45	0	4.5	0.9393939393939393
 LocalEnergy_H1_1951	-4.5	0	4.9	0.9424242424242424
 LocalEnergy_H1_1952	-7.9	0	5.0	0.9803030303030302
 LocalEnergy_H1_1953	-10.2	0	4.8	0.9424242424242424
 LocalEnergy_H1_1958	-3.1	0	5.4	0.9772727272727273
 LocalEnergy_H1_1959	-12.1	0	4.8	0.990909090909091
 LocalEnergy_H1_195	-2.17	0	4.8	0.990909090909091
 LocalEnergy_H1_1962	-8.85	0	4.8	0.9227272727272727
 LocalEnergy_H1_1967	-6.7	0	5.4	0.9939393939393939
 LocalEnergy_H1_1969	-3.0	0	4.7	0.9818181818181818
 LocalEnergy_H1_196	-15.25	0	4.1	0.9818181818181818
 LocalEnergy_H1_1972	-8.2	0	5.7	0.9424242424242424
 LocalEnergy_H1_1973	-6.9	0	4.7	0.9666666666666666
 LocalEnergy_H1_1975	-12.5	0	5.0	0.9848484848484849
 LocalEnergy_H1_1976	-12.4	0	5.6	0.9666666666666667
 LocalEnergy_H1_1978	-4.5	0	5.4	0.9606060606060607
 LocalEnergy_H1_197	-5.75	0	5.0	0.9878787878787878
 LocalEnergy_H1_1980	-10.4	0	4.3	0.9727272727272727
 LocalEnergy_H1_1984	-11.05	0	5.4	0.9818181818181818
 LocalEnergy_H1_1986	-7.9	0	4.5	0.9515151515151515
 LocalEnergy_H1_1988	-6.5	0	7.8	0.9575757575757576
 LocalEnergy_H1_1989	-2.17	0	7.8	0.9545454545454546
 LocalEnergy_H1_1991	-15.05	0	5.4	0.9333333333333333
 LocalEnergy_H1_1993	-17.45	0	7.8	0.9909090909090909
 LocalEnergy_H1_1994	-4.9	0	4.9	0.996969696969697
 LocalEnergy_H1_1995	-6.95	0	7.7	0.9575757575757575
 LocalEnergy_H1_1996	-5.05	0	7.3	0.9181818181818182
 LocalEnergy_H1_1997	-9.7	0	5.4	0.9696969696969697
 LocalEnergy_H1_199	-8.6	0	4.7	0.9848484848484849
 LocalEnergy_H1_1	-9.0	0	4.5	0.9878787878787879
 LocalEnergy_H1_200	-9.15	0	7.3	0.9878787878787879
 LocalEnergy_H1_205	-14.15	0	4.6	0.9727272727272727
 LocalEnergy_H1_207	-13.9	0	5.4	0.996969696969697
 LocalEnergy_H1_211	-5.47	0	4.8	1.0
 LocalEnergy_H1_212	-22.0	0	4.6	0.9454545454545453
 LocalEnergy_H1_214	-4.05	0	4.9	0.8606060606060606
 LocalEnergy_H1_217	-23.3	0	6.9	0.9484848484848485
 LocalEnergy_H1_218	-7.9	0	7.8	0.9787878787878788
 LocalEnergy_H1_219	-8.35	0	4.9	0.9575757575757575
 LocalEnergy_H1_220	-15.4	0	4.5	0.9878787878787879
 LocalEnergy_H1_223	-17.45	0	5.4	0.9242424242424242
 LocalEnergy_H1_225	-14.6	0	5.4	0.9545454545454546
 LocalEnergy_H1_226	-5.5	0	5.0	0.9787878787878788
 LocalEnergy_H1_228	-14.85	0	4.9	0.9818181818181817
 LocalEnergy_H1_230	-17.45	0	5.0	0.9636363636363636
 LocalEnergy_H1_232	-19.9	0	4.6	0.9969696969696971
 LocalEnergy_H1_235	-13.3	0	4.7	0.9757575757575758
 LocalEnergy_H1_238	-21.4	0	5.4	0.9803030303030302
 LocalEnergy_H1_23	-2.7	0	5.4	0.9848484848484849
 LocalEnergy_H1_241	-7.95	0	5.4	0.9878787878787878
 LocalEnergy_H1_242	-19.0	0	4.5	0.9363636363636364
 LocalEnergy_H1_244	-19.45	0	3.9	0.968181818181818
 LocalEnergy_H1_245	-14.35	0	5.3	0.9727272727272728
 LocalEnergy_H1_250	-5.8	0	5.4	0.9727272727272727
 LocalEnergy_H1_251	-12.5	0	6.9	0.9924242424242424
 LocalEnergy_H1_255	-8.5	0	5.4	0.9878787878787879
 LocalEnergy_H1_258	-5.25	0	5.4	0.990909090909091
 LocalEnergy_H1_259	-4.2	0	5.4	0.8484848484848484
 LocalEnergy_H1_25	-10.85	0	6.9	0.9393939393939393
 LocalEnergy_H1_263	-16.8	0	4.5	0.9848484848484848
 LocalEnergy_H1_266	-2.4	0	6.0	0.9727272727272727
 LocalEnergy_H1_267	-16.8	0	5.4	0.9878787878787878
 LocalEnergy_H1_268	-4.3	0	5.4	0.9151515151515152
 LocalEnergy_H1_271	-17.75	0	6.9	0.9515151515151515
 LocalEnergy_H1_273	-7.2	0	4.6	0.996969696969697
 LocalEnergy_H1_274	-14.05	0	6.9	0.9712121212121212
 LocalEnergy_H1_276	-15.7	0	5.4	0.990909090909091
 LocalEnergy_H1_277	-13.7	0	4.4	0.9848484848484849
 LocalEnergy_H1_278	-18.8	0	4.1	0.8924242424242425
 LocalEnergy_H1_279	-13.1	0	4.9	0.996969696969697
 LocalEnergy_H1_280	-5.9	0	4.8	0.9878787878787878
 LocalEnergy_H1_281	-8.15	0	6.9	0.9212121212121211
 LocalEnergy_H1_283	-16.7	0	3.9	0.9606060606060606
 LocalEnergy_H1_286	-10.1	0	5.1	0.9424242424242424
 LocalEnergy_H1_288	-9.0	0	4.4	0.8969696969696969
 LocalEnergy_H1_290	-1.77	0	5.6	0.9636363636363636
 LocalEnergy_H1_295	-11.35	0	4.5	0.9939393939393939
 LocalEnergy_H1_296	-9.0	0	4.5	0.9787878787878789
 LocalEnergy_H1_297	-9.05	0	4.9	0.9318181818181819
 LocalEnergy_H1_2	-4.5	0	5.3	0.996969696969697
 LocalEnergy_H1_300	-12.0	0	5.4	0.9696969696969697
 LocalEnergy_H1_301	-4.05	0	4.7	0.9575757575757575
 LocalEnergy_H1_304	-20.3	0	5.4	0.9848484848484849
 LocalEnergy_H1_305	-4.6	0	8.1	0.9787878787878788
 LocalEnergy_H1_306	-7.45	0	8.1	0.9181818181818182
 LocalEnergy_H1_307	-4.8	0	4.9	0.9515151515151515
 LocalEnergy_H1_308	-18.75	0	5.4	0.9303030303030303
 LocalEnergy_H1_311	-2.4	0	5.9	0.9484848484848485
 LocalEnergy_H1_312	-3.7	0	6.9	0.9727272727272728
 LocalEnergy_H1_316	-3.3	0	5.9	0.9727272727272727
 LocalEnergy_H1_319	-13.6	0	4.7	0.9848484848484849
 LocalEnergy_H1_31	-6.15	0	4.0	0.9939393939393939
 LocalEnergy_H1_320	-5.6	0	5.4	0.9318181818181819
 LocalEnergy_H1_322	-5.6	0	5.2	0.990909090909091
 LocalEnergy_H1_324	-11.45	0	4.2	0.7954545454545455
 LocalEnergy_H1_32	-5.95	0	5.4	0.9484848484848485
 LocalEnergy_H1_330	-11.8	0	3.9	0.9636363636363636
 LocalEnergy_H1_332	-3.8	0	4.8	0.990909090909091
 LocalEnergy_H1_333	-3.95	0	4.6	0.9712121212121212
 LocalEnergy_H1_336	-8.8	0	6.9	0.9742424242424244
 LocalEnergy_H1_339	-8.45	0	4.8	0.9030303030303031
 LocalEnergy_H1_343	-9.55	0	5.4	0.9454545454545454
 LocalEnergy_H1_345	-13.3	0	5.4	0.996969696969697
 LocalEnergy_H1_347	-15.8	0	5.4	0.896969696969697
 LocalEnergy_H1_351	-3.95	0	4.7	0.9757575757575758
 LocalEnergy_H1_356	-10.6	0	5.0	0.9878787878787879
 LocalEnergy_H1_357	-3.3	0	5.0	0.9393939393939393
 LocalEnergy_H1_358	-15.37	0	4.4	0.9515151515151515
 LocalEnergy_H1_360	-8.75	0	5.4	0.9939393939393939
 LocalEnergy_H1_362	-7.45	0	4.6	0.9696969696969697
 LocalEnergy_H1_363	-5.75	0	5.4	0.9696969696969696
 LocalEnergy_H1_366	-11.65	0	5.4	0.9787878787878788
 LocalEnergy_H1_367	-2.4	0	5.2	0.7590909090909091
 LocalEnergy_H1_369	-8.0	0	5.4	0.9848484848484849
 LocalEnergy_H1_374	-5.05	0	5.8	0.990909090909091
 LocalEnergy_H1_377	-7.77	0	6.9	0.9727272727272728
 LocalEnergy_H1_380	-7.45	0	4.6	0.9727272727272728
 LocalEnergy_H1_387	-6.15	0	5.4	0.9818181818181818
 LocalEnergy_H1_389	-7.8	0	4.8	0.9363636363636363
 LocalEnergy_H1_38	-20.0	0	4.6	0.9818181818181818
 LocalEnergy_H1_391	-7.15	0	4.9	0.9696969696969697
 LocalEnergy_H1_392	-17.8	0	4.1	0.9393939393939393
 LocalEnergy_H1_395	-14.05	0	4.9	0.9757575757575758
 LocalEnergy_H1_397	-7.8	0	5.7	0.9545454545454545
 LocalEnergy_H1_398	-11.15	0	5.0	0.9545454545454546
 LocalEnergy_H1_399	-2.4	0	4.9	0.990909090909091
 LocalEnergy_H1_401	-12.85	0	4.3	0.9212121212121213
 LocalEnergy_H1_402	-5.45	0	6.9	0.996969696969697
 LocalEnergy_H1_404	-6.7	0	4.4	0.9636363636363636
 LocalEnergy_H1_405	-8.8	0	5.0	0.9848484848484849
 LocalEnergy_H1_406	-21.5	0	5.4	0.9151515151515152
 LocalEnergy_H1_408	-9.9	0	4.3	0.9545454545454546
 LocalEnergy_H1_411	-11.05	0	4.7	1.0
 LocalEnergy_H1_412	-9.4	0	4.9	0.9878787878787879
 LocalEnergy_H1_414	-12.3	0	4.9	0.9939393939393939
 LocalEnergy_H1_415	-12.5	0	5.0	0.9878787878787879
 LocalEnergy_H1_419	-7.6	0	5.7	0.9151515151515152
 LocalEnergy_H1_420	-9.9	0	7.8	0.9863636363636364
 LocalEnergy_H1_422	-13.25	0	5.3	0.990909090909091
 LocalEnergy_H1_426	-6.7	0	8.2	0.9454545454545454
 LocalEnergy_H1_428	-11.15	0	6.9	0.9878787878787879
 LocalEnergy_H1_430	-23.3	0	6.9	0.8848484848484849
 LocalEnergy_H1_432	-8.8	0	5.0	0.9575757575757575
 LocalEnergy_H1_433	-5.07	0	4.7	0.9696969696969697
 LocalEnergy_H1_434	-7.85	0	5.1	0.9469696969696969
 LocalEnergy_H1_437	-7.45	0	5.5	0.9939393939393939
 LocalEnergy_H1_440	-5.6	0	5.0	0.9606060606060606
 LocalEnergy_H1_442	-17.35	0	8.2	0.9606060606060607
 LocalEnergy_H1_443	-6.6	0	6.9	0.9303030303030303
 LocalEnergy_H1_444	-8.3	0	4.7	0.9545454545454546
 LocalEnergy_H1_446	-12.75	0	4.9	0.9606060606060606
 LocalEnergy_H1_450	-8.8	0	5.4	0.7787878787878787
 LocalEnergy_H1_451	-2.0	0	6.2	0.8606060606060607
 LocalEnergy_H1_454	-12.35	0	6.9	0.7939393939393938
 LocalEnergy_H1_455	-15.7	0	5.0	0.9666666666666666
 LocalEnergy_H1_458	-7.6	0	5.4	0.9939393939393939
 LocalEnergy_H1_459	-12.65	0	5.0	0.9757575757575758
 LocalEnergy_H1_45	-15.4	0	4.5	0.9848484848484849
 LocalEnergy_H1_460	-12.75	0	4.9	0.9848484848484849
 LocalEnergy_H1_461	-9.0	0	5.3	0.9727272727272727
 LocalEnergy_H1_462	-11.3	0	6.9	0.9939393939393939
 LocalEnergy_H1_465	-4.8	0	5.0	0.9212121212121211
 LocalEnergy_H1_46	-8.25	0	8.1	0.9939393939393939
 LocalEnergy_H1_470	-12.4	0	3.9	0.9393939393939394
 LocalEnergy_H1_472	-8.0	0	4.7	0.9545454545454546
 LocalEnergy_H1_474	-8.8	0	5.0	0.9787878787878788
 LocalEnergy_H1_476	-4.2	0	7.7	0.996969696969697
 LocalEnergy_H1_477	-10.45	0	5.4	0.9939393939393939
 LocalEnergy_H1_478	-22.8	0	7.3	0.9363636363636364
 LocalEnergy_H1_479	-10.3	0	4.9	0.9303030303030303
 LocalEnergy_H1_482	-13.3	0	5.1	0.9757575757575758
 LocalEnergy_H1_487	-8.7	0	8.1	0.996969696969697
 LocalEnergy_H1_489	-8.8	0	4.5	0.996969696969697
 LocalEnergy_H1_492	-10.35	0	5.4	0.9939393939393939
 LocalEnergy_H1_493	-4.57	0	5.1	0.9757575757575758
 LocalEnergy_H1_494	-8.2	0	5.1	0.9333333333333332
 LocalEnergy_H1_495	-11.85	0	4.7	0.9909090909090909
 LocalEnergy_H1_497	-5.8	0	5.4	0.9727272727272727
 LocalEnergy_H1_4	-11.95	0	5.0	0.9818181818181818
 LocalEnergy_H1_500	-9.45	0	5.3	0.9696969696969697
 LocalEnergy_H1_507	-10.8	0	4.6	0.9484848484848485
 LocalEnergy_H1_509	-11.65	0	4.7	0.9787878787878788
 LocalEnergy_H1_511	-6.27	0	5.3	0.9545454545454545
 LocalEnergy_H1_512	-17.45	0	6.9	0.9606060606060607
 LocalEnergy_H1_518	-14.8	0	3.9	0.9878787878787879
 LocalEnergy_H1_525	-16.35	0	4.9	0.9575757575757575
 LocalEnergy_H1_534	-10.75	0	5.0	0.9757575757575758
 LocalEnergy_H1_535	-10.0	0	4.1	0.9803030303030302
 LocalEnergy_H1_538	-7.6	0	5.4	0.9893939393939394
 LocalEnergy_H1_53	-19.4	0	3.9	0.943939393939394
 LocalEnergy_H1_543	-17.6	0	5.4	0.9787878787878789
 LocalEnergy_H1_549	-6.85	0	6.9	0.9181818181818181
 LocalEnergy_H1_54	-6.25	0	4.4	0.9878787878787878
 LocalEnergy_H1_550	-2.4	0	5.3	0.9575757575757575
 LocalEnergy_H1_553	-9.1	0	4.9	0.9606060606060606
 LocalEnergy_H1_556	-4.85	0	5.4	0.9954545454545455
 LocalEnergy_H1_559	-10.0	0	4.6	0.9636363636363635
 LocalEnergy_H1_55	-6.35	0	4.3	1.0
 LocalEnergy_H1_561	-12.85	0	7.8	0.9575757575757575
 LocalEnergy_H1_562	-3.57	0	5.9	0.9727272727272727
 LocalEnergy_H1_565	-18.9	0	4.7	0.9090909090909092
 LocalEnergy_H1_566	-3.55	0	5.2	0.9787878787878789
 LocalEnergy_H1_573	-12.65	0	4.7	0.9363636363636364
 LocalEnergy_H1_576	-13.3	0	4.9	0.9696969696969697
 LocalEnergy_H1_57	-15.95	0	4.9	0.9848484848484849
 LocalEnergy_H1_581	-5.7	0	4.9	0.9878787878787879
 LocalEnergy_H1_582	-12.5	0	5.4	0.9757575757575758
 LocalEnergy_H1_589	-7.7	0	4.6	0.9757575757575757
 LocalEnergy_H1_58	-6.7	0	5.7	1.0
 LocalEnergy_H1_590	-2.4	0	7.7	0.9030303030303031
 LocalEnergy_H1_591	-21.5	0	4.7	0.9666666666666667
 LocalEnergy_H1_592	-12.55	0	6.9	0.9242424242424243
 LocalEnergy_H1_593	-20.0	0	6.9	0.9424242424242424
 LocalEnergy_H1_596	-9.45	0	4.8	0.9727272727272728
 LocalEnergy_H1_598	-7.4	0	7.7	0.9030303030303031
 LocalEnergy_H1_599	-21.97	0	7.3	0.9030303030303031
 LocalEnergy_H1_59	-8.35	0	6.9	0.990909090909091
 LocalEnergy_H1_600	-8.9	0	5.4	0.9363636363636364
 LocalEnergy_H1_602	-4.3	0	5.3	0.9181818181818181
 LocalEnergy_H1_603	-9.1	0	4.3	0.9545454545454546
 LocalEnergy_H1_605	-14.3	0	5.4	0.9818181818181818
 LocalEnergy_H1_609	-12.8	0	4.9	0.9545454545454546
 LocalEnergy_H1_610	-14.0	0	4.7	0.9636363636363636
 LocalEnergy_H1_611	-10.25	0	4.9	0.9939393939393939
 LocalEnergy_H1_612	-12.3	0	7.7	0.990909090909091
 LocalEnergy_H1_615	-2.8	0	5.0	0.790909090909091
 LocalEnergy_H1_616	-14.95	0	5.1	0.9787878787878789
 LocalEnergy_H1_619	-2.1	0	5.9	0.9378787878787878
 LocalEnergy_H1_621	-9.95	0	4.6	0.9818181818181819
 LocalEnergy_H1_629	-14.6	0	5.4	0.9727272727272728
 LocalEnergy_H1_630	-8.77	0	5.4	1.0
 LocalEnergy_H1_631	-4.4	0	7.7	0.9742424242424242
 LocalEnergy_H1_632	-8.05	0	4.7	0.9636363636363636
 LocalEnergy_H1_634	-10.9	0	5.1	0.9848484848484849
 LocalEnergy_H1_642	-17.2	0	4.9	0.9727272727272728
 LocalEnergy_H1_643	-13.3	0	6.9	0.9878787878787879
 LocalEnergy_H1_644	-6.5	0	5.0	0.9696969696969697
 LocalEnergy_H1_645	-13.75	0	6.9	0.9636363636363636
 LocalEnergy_H1_646	-21.4	0	8.1	0.9272727272727272
 LocalEnergy_H1_648	-7.45	0	6.9	0.9939393939393939
 LocalEnergy_H1_650	-14.05	0	5.4	0.9575757575757575
 LocalEnergy_H1_651	-18.55	0	4.1	0.9818181818181819
 LocalEnergy_H1_652	-3.85	0	5.7	0.9727272727272728
 LocalEnergy_H1_655	-8.35	0	5.4	0.9636363636363635
 LocalEnergy_H1_659	-2.4	0	5.0	0.9727272727272728
 LocalEnergy_H1_666	-3.9	0	5.4	0.9878787878787879
 LocalEnergy_H1_669	-10.45	0	4.1	0.9409090909090909
 LocalEnergy_H1_66	-5.6	0	4.9	0.9878787878787879
 LocalEnergy_H1_672	-18.65	0	4.7	0.9545454545454546
 LocalEnergy_H1_673	-2.4	0	5.0	0.956060606060606
 LocalEnergy_H1_674	-12.2	0	5.4	1.0
 LocalEnergy_H1_678	-8.55	0	6.9	0.9878787878787879
 LocalEnergy_H1_679	-12.65	0	4.7	0.9757575757575757
 LocalEnergy_H1_680	-6.9	0	5.1	0.9818181818181819
 LocalEnergy_H1_682	-5.95	0	5.3	0.9545454545454546
 LocalEnergy_H1_683	-8.9	0	5.1	0.9878787878787879
 LocalEnergy_H1_686	-8.55	0	4.4	0.996969696969697
 LocalEnergy_H1_687	-7.77	0	5.7	0.9696969696969697
 LocalEnergy_H1_688	-9.1	0	4.7	0.9333333333333333
 LocalEnergy_H1_689	-6.5	0	5.7	0.9818181818181819
 LocalEnergy_H1_68	-10.9	0	4.7	0.9303030303030303
 LocalEnergy_H1_690	-9.9	0	6.9	0.9712121212121212
 LocalEnergy_H1_693	-9.15	0	4.9	0.996969696969697
 LocalEnergy_H1_695	-5.85	0	5.5	0.9333333333333333
 LocalEnergy_H1_696	-3.4	0	4.8	0.9348484848484848
 LocalEnergy_H1_697	-19.1	0	6.9	0.9575757575757575
 LocalEnergy_H1_698	-10.65	0	4.7	0.9636363636363636
 LocalEnergy_H1_699	-8.75	0	7.7	0.990909090909091
 LocalEnergy_H1_703	-19.0	0	7.7	0.9636363636363637
 LocalEnergy_H1_705	-7.65	0	5.1	0.9878787878787878
 LocalEnergy_H1_707	-7.2	0	5.0	0.9545454545454545
 LocalEnergy_H1_709	-7.6	0	5.3	0.9848484848484849
 LocalEnergy_H1_70	-14.9	0	4.5	0.9515151515151514
 LocalEnergy_H1_710	-7.15	0	5.0	0.990909090909091
 LocalEnergy_H1_714	-8.7	0	5.4	0.9666666666666667
 LocalEnergy_H1_715	-8.0	0	5.0	1.0
 LocalEnergy_H1_71	-8.0	0	5.9	0.896969696969697
 LocalEnergy_H1_720	-10.75	0	5.0	0.9727272727272728
 LocalEnergy_H1_721	-6.7	0	4.6	0.9696969696969697
 LocalEnergy_H1_724	-14.75	0	4.6	0.9939393939393939
 LocalEnergy_H1_725	-7.55	0	4.6	0.996969696969697
 LocalEnergy_H1_730	-4.15	0	5.9	0.8303030303030303
 LocalEnergy_H1_732	-16.3	0	5.0	0.9545454545454545
 LocalEnergy_H1_733	-15.55	0	5.4	0.990909090909091
 LocalEnergy_H1_734	-12.15	0	5.1	0.9848484848484849
 LocalEnergy_H1_737	-16.9	0	5.4	0.984848484848485
 LocalEnergy_H1_73	-5.5	0	4.9	0.9757575757575758
 LocalEnergy_H1_743	-16.15	0	6.9	0.9727272727272727
 LocalEnergy_H1_745	-24.05	0	7.8	0.8651515151515151
 LocalEnergy_H1_749	-9.0	0	5.7	0.9575757575757575
 LocalEnergy_H1_751	-5.6	0	5.4	0.9227272727272727
 LocalEnergy_H1_755	-2.37	0	5.0	0.7696969696969697
 LocalEnergy_H1_757	-4.7	0	5.9	0.9666666666666668
 LocalEnergy_H1_759	-2.4	0	6.9	0.9787878787878788
 LocalEnergy_H1_760	-4.7	0	4.8	0.8818181818181818
 LocalEnergy_H1_763	-13.35	0	5.4	0.9787878787878788
 LocalEnergy_H1_764	-7.45	0	4.1	0.996969696969697
 LocalEnergy_H1_765	-8.05	0	4.5	0.9787878787878789
 LocalEnergy_H1_769	-7.8	0	5.1	0.996969696969697
 LocalEnergy_H1_772	-18.1	0	3.9	0.9575757575757575
 LocalEnergy_H1_773	-1.9	0	4.7	0.9363636363636363
 LocalEnergy_H1_776	-9.45	0	5.7	0.9575757575757575
 LocalEnergy_H1_779	-14.15	0	5.7	0.9818181818181819
 LocalEnergy_H1_77	-7.25	0	4.6	0.9818181818181818
 LocalEnergy_H1_781	-4.05	0	7.7	0.9666666666666666
 LocalEnergy_H1_783	-8.85	0	8.1	0.996969696969697
 LocalEnergy_H1_791	-4.3	0	8.2	0.7969696969696969
 LocalEnergy_H1_795	-3.65	0	4.8	0.9878787878787879
 LocalEnergy_H1_797	-5.5	0	4.5	0.9484848484848485
 LocalEnergy_H1_799	-5.05	0	4.8	0.9212121212121211
 LocalEnergy_H1_79	-3.3	0	5.5	0.9848484848484849
 LocalEnergy_H1_7	-6.9	0	5.8	0.9666666666666667
 LocalEnergy_H1_801	-7.45	0	5.7	0.9848484848484849
 LocalEnergy_H1_802	-3.45	0	4.5	0.9696969696969697
 LocalEnergy_H1_805	-7.9	0	6.9	0.9696969696969697
 LocalEnergy_H1_807	-4.35	0	4.9	0.9848484848484849
 LocalEnergy_H1_809	-9.9	0	8.1	0.9545454545454546
 LocalEnergy_H1_80	-6.6	0	5.0	0.9090909090909091
 LocalEnergy_H1_814	-2.4	0	5.3	0.9848484848484849
 LocalEnergy_H1_817	-18.45	0	4.3	0.9818181818181819
 LocalEnergy_H1_818	-14.5	0	7.7	0.9787878787878788
 LocalEnergy_H1_819	-10.0	0	5.4	0.9818181818181818
 LocalEnergy_H1_823	-5.95	0	7.8	0.9090909090909092
 LocalEnergy_H1_825	-9.75	0	4.6	0.9727272727272728
 LocalEnergy_H1_826	-3.95	0	5.4	0.9878787878787879
 LocalEnergy_H1_828	-21.85	0	4.5	0.8212121212121213
 LocalEnergy_H1_831	-5.4	0	6.9	0.9878787878787879
 LocalEnergy_H1_834	-11.2	0	4.6	0.996969696969697
 LocalEnergy_H1_835	-23.2	0	5.4	0.9848484848484849
 LocalEnergy_H1_836	-5.85	0	7.8	0.9545454545454546
 LocalEnergy_H1_837	-7.6	0	5.4	0.8878787878787879
 LocalEnergy_H1_838	-11.95	0	5.0	0.9787878787878788
 LocalEnergy_H1_839	-4.4	0	5.8	0.9878787878787879
 LocalEnergy_H1_83	-4.5	0	5.3	0.7272727272727273
 LocalEnergy_H1_840	-7.8	0	5.3	0.984848484848485
 LocalEnergy_H1_842	-9.75	0	5.4	0.990909090909091
 LocalEnergy_H1_844	-5.95	0	4.5	0.9878787878787879
 LocalEnergy_H1_845	-8.35	0	6.9	0.9727272727272727
 LocalEnergy_H1_849	-19.1	0	4.2	0.9878787878787879
 LocalEnergy_H1_84	-3.45	0	5.1	0.9636363636363636
 LocalEnergy_H1_852	-8.45	0	7.7	0.9878787878787879
 LocalEnergy_H1_853	-4.2	0	5.4	0.9848484848484849
 LocalEnergy_H1_855	-10.5	0	5.6	0.9454545454545453
 LocalEnergy_H1_857	-7.25	0	4.9	0.9636363636363636
 LocalEnergy_H1_858	-13.0	0	4.5	0.9515151515151515
 LocalEnergy_H1_859	-7.85	0	5.4	0.9666666666666667
 LocalEnergy_H1_860	-16.05	0	6.9	0.9818181818181819
 LocalEnergy_H1_861	-11.4	0	6.9	0.9848484848484849
 LocalEnergy_H1_863	-15.75	0	5.4	0.9303030303030303
 LocalEnergy_H1_866	-6.5	0	5.6	0.9696969696969696
 LocalEnergy_H1_867	-20.75	0	6.9	0.9878787878787879
 LocalEnergy_H1_868	-9.1	0	4.9	0.9818181818181818
 LocalEnergy_H1_873	-16.7	0	4.7	0.9939393939393939
 LocalEnergy_H1_878	-10.6	0	4.7	0.9818181818181818
 LocalEnergy_H1_879	-3.8	0	4.9	0.9848484848484849
 LocalEnergy_H1_87	-13.25	0	5.0	0.996969696969697
 LocalEnergy_H1_882	-9.45	0	5.3	0.990909090909091
 LocalEnergy_H1_887	-12.4	0	4.4	0.9878787878787879
 LocalEnergy_H1_894	-7.6	0	5.0	0.9696969696969697
 LocalEnergy_H1_895	-17.15	0	7.7	0.9848484848484849
 LocalEnergy_H1_897	-10.25	0	5.1	0.9939393939393939
 LocalEnergy_H1_898	-8.05	0	4.8	1.0
 LocalEnergy_H1_8	-7.05	0	4.9	0.9939393939393939
 LocalEnergy_H1_901	-7.3	0	5.4	0.9818181818181818
 LocalEnergy_H1_902	-7.65	0	7.8	0.9757575757575758
 LocalEnergy_H1_905	-5.5	0	5.3	0.9606060606060606
 LocalEnergy_H1_906	-11.9	0	4.5	0.990909090909091
 LocalEnergy_H1_909	-10.75	0	6.9	0.9272727272727274
 LocalEnergy_H1_910	-8.0	0	4.7	0.9787878787878788
 LocalEnergy_H1_913	-7.75	0	4.0	0.9242424242424243
 LocalEnergy_H1_917	-12.85	0	4.9	0.9757575757575757
 LocalEnergy_H1_920	-14.05	0	5.8	0.990909090909091
 LocalEnergy_H1_924	-7.55	0	6.0	1.0
 LocalEnergy_H1_926	-4.55	0	5.7	0.9575757575757575
 LocalEnergy_H1_928	-6.9	0	4.9	1.0
 LocalEnergy_H1_929	-7.5	0	4.7	0.9939393939393939
 LocalEnergy_H1_92	-9.8	0	5.4	0.9878787878787879
 LocalEnergy_H1_932	-15.25	0	4.8	0.9787878787878788
 LocalEnergy_H1_934	-5.6	0	5.4	0.990909090909091
 LocalEnergy_H1_935	-14.8	0	6.9	0.996969696969697
 LocalEnergy_H1_938	-11.1	0	4.4	0.990909090909091
 LocalEnergy_H1_93	-10.7	0	8.2	0.9606060606060606
 LocalEnergy_H1_944	-5.25	0	6.0	0.9636363636363636
 LocalEnergy_H1_946	-9.25	0	4.9	0.9757575757575758
 LocalEnergy_H1_947	-5.15	0	5.3	0.9787878787878788
 LocalEnergy_H1_948	-2.17	0	5.4	0.9575757575757576
 LocalEnergy_H1_951	-4.2	0	5.0	0.9818181818181819
 LocalEnergy_H1_952	-9.5	0	5.4	0.9727272727272728
 LocalEnergy_H1_954	-19.9	0	6.9	0.9181818181818182
 LocalEnergy_H1_955	-2.17	0	4.8	0.9848484848484849
 LocalEnergy_H1_957	-11.8	0	4.9	0.996969696969697
 LocalEnergy_H1_95	-8.65	0	5.4	0.996969696969697
 LocalEnergy_H1_960	-8.4	0	5.4	0.9545454545454546
 LocalEnergy_H1_963	-5.05	0	4.9	0.8606060606060606
 LocalEnergy_H1_964	-2.4	0	6.2	0.9484848484848485
 LocalEnergy_H1_965	-2.4	0	4.7	0.9939393939393939
 LocalEnergy_H1_969	-7.8	0	6.9	0.9818181818181819
 LocalEnergy_H1_972	-5.7	0	4.4	0.9696969696969697
 LocalEnergy_H1_975	-7.2	0	5.2	0.9818181818181819
 LocalEnergy_H1_977	-8.1	0	5.7	0.990909090909091
 LocalEnergy_H1_978	-19.1	0	4.6	0.9818181818181818
 LocalEnergy_H1_979	-16.55	0	4.6	0.9515151515151515
 LocalEnergy_H1_981	-18.8	0	6.9	0.9939393939393939
 LocalEnergy_H1_983	-4.15	0	4.8	0.990909090909091
 LocalEnergy_H1_987	-12.2	0	8.1	0.9757575757575758
 LocalEnergy_H1_988	-8.9	0	4.9	0.9606060606060606
 LocalEnergy_H1_993	-4.05	0	4.5	0.990909090909091
 LocalEnergy_H1_994	-7.15	0	5.4	0.990909090909091
 LocalEnergy_H1_998	-5.4	0	7.7	0.9939393939393939
 LocalEnergy_H1_999	-8.6	0	4.3	0.9757575757575757
 LocalEnergy_H1_9	-4.55	0	4.8	0.9939393939393939
